0.09719506833087173,0.1595415948604081,0.4979159261627364,0.06565543480047381,0.17969197584550994
0.054864390116533664,0.7105007821020402,0.07731116431858408,0.14143099699019787,0.015892666472644316
0.2728973628879237,0.025844331908426967,0.2222301887110449,0.02329834952344093,0.45572976696916345
0.22719722747421678,0.15461911548048612,0.03343107685140935,0.4871752109685059,0.09757736922538181
0.05509613269191537,0.4058298209480631,0.02372471907029385,0.34374977766308873,0.17159954962663898
0.14551222182606255,0.19556533086788921,0.3053739820467895,0.04225599842651121,0.31129246683274747
0.23893840219096152,0.10390442655650109,0.3030930377169934,0.15048870969522518,0.20357542384031893
0.3349130306800743,0.3364019870476662,0.1754728953391441,0.06589487166850651,0.08731721526460874
0.08005309709042181,0.04106689471743033,0.03500771629171361,0.5537314978133524,0.29014079408708177
0.37440172265762306,0.03207567790790294,0.27351084121296404,0.20666597046602414,0.1133457877554858
0.09100749952168073,0.20661825959376867,0.41091546998211964,0.1118791915430718,0.1795795793593591
0.6575463569603869,0.09667575728519205,0.1781168325915823,0.020193890990660643,0.04746716217217808
0.08042234118560593,0.20613785257075368,6.439387622144087E-4,0.5942789249941227,0.11851694248730334
0.5095741083947357,0.2290585344046932,0.019000677984123877,0.07320340708197322,0.169163272134474
0.24242982522139506,0.13547905637526253,0.07098426950451678,0.4502838386182283,0.10082301028059718
0.4643025213494126,0.1134892399112594,0.19016771647589173,0.03811342449480808,0.19392709776862835
0.018824139683602803,0.41811506851116864,0.23001258797301677,0.005486600181152385,0.32756160365105946
0.2588153278236586,0.3151564281975534,0.020818903144965404,0.39957547678314914,0.0056338640506734365
0.28553767656530954,0.470473934258382,0.0317417162150836,0.08338553617403126,0.12886113678719355
0.08459477593176203,0.06490073051264766,0.2473557316129269,0.593429816112731,0.009718945829932478
0.10660905530943736,0.08714904878169141,0.08047654191258957,0.49510521996044565,0.23066013403583607
0.030581206665905036,0.5168736889931156,0.06654425705770448,0.28593594486655655,0.10006490241671837
0.10612925833059268,3.124101395104598E-4,0.047440066646616486,0.3238547260365701,0.5222635388467103
0.22252219437664744,0.044090184750400406,0.3701165453972096,0.1812426048252235,0.18202847065051905
0.13234820210137332,0.08437038015608479,0.5831204342537952,0.185040437672301,0.015120545816445709
0.37091780946736114,0.1257573999047618,0.31087957714006453,0.062374770348650084,0.13007044313916252
0.01687618703011823,0.10513390628050819,0.029349414302168364,0.6306668509686356,0.21797364141856965
0.06535048718880244,0.17631012146803793,0.5532505367527238,0.1344662722114137,0.07062258237902215
0.09559337764941701,0.14877014057725826,0.47786368429304016,0.011563012973462052,0.2662097845068226
0.3762142786681576,0.09548472160769576,0.045402630672082785,0.327948257590617,0.15495011146144694
0.4167616135753632,0.0568936539262694,0.10871759224655286,0.26718133293615753,0.15044580731565707
0.3503587502722585,0.41261016191412403,0.09665006975570119,0.10209752269073423,0.038283495367181924
0.014866807113952631,0.4951749285094707,0.0830286676866253,0.10384027611309374,0.3030893205768576
0.3633982936072175,0.055322947581616114,0.3751974067278682,0.17576154111082717,0.03031981097247119
0.3937827592893147,0.36352108754207735,0.0432118234673931,0.006088063061397793,0.1933962666398171
0.08874202924427947,0.016398823127526233,0.5360955000920996,0.052118444918656956,0.3066452026174379
0.015541021955880885,0.31339109185609076,0.11248710186047753,0.015925021156755058,0.5426557631707957
0.13635554330470895,0.2134592842585825,0.08826644741950243,0.4114050549886999,0.15051367002850619
0.2096969759711075,0.013627703740764576,0.371115536068231,0.07208246292645369,0.3334773212934433
0.27120044166690577,0.005892200719012631,0.5150638383033379,0.055241011876307235,0.1526025074344363
0.11436810738205964,0.0734410019720705,0.003321413551975385,0.5576793166979234,0.2511901603959711
0.18919330340111556,0.03575749514854064,0.29090948016568313,0.08272816663686595,0.4014115546477946
0.13319523914550854,0.4717147081196844,0.10547445559516407,0.17213989967418258,0.11747569746546055
0.04405796644600493,0.634139978158804,0.08454825463637139,0.1057867898488586,0.13146701090996096
0.07594770033807373,0.06791518205822532,0.0987344259117569,0.48434366579371074,0.2730590258982332
0.01754835562990558,0.7777049306985949,0.02810925162972613,0.08102514920260546,0.0956123128391679
0.28354052045600614,0.4131176138594349,0.25505523812359593,0.019887899499898973,0.028398728061064013
0.23498091832247273,0.0766716875373776,0.3770556810174607,0.25576626853838436,0.055525444584304584
0.11383115167767535,0.4615980033264221,0.22913170927995385,0.03314200917587294,0.16229712654007572
0.46854785563769086,0.1255796065573125,0.15985384606778807,0.05481766978955042,0.19120102194765812
0.5455215619106052,0.07034163711432123,0.21046959848654992,0.15477641633145478,0.018890786157068934
0.4176024513040707,0.16052735358249506,0.11374971358071297,0.27567474675192094,0.03244573478080041
0.0880063649842066,0.410183139243861,0.3881715786751222,0.06826533254156601,0.04537358455524408
0.17893619911871728,0.040659587212909805,0.17522596675961924,0.31960301655326645,0.2855752303554872
0.08727020252552424,0.05074127044752674,0.17046117187871485,0.6326147322404367,0.058912622907797356
0.07057793409819005,0.3863256561885354,0.06215541718432344,0.3084112947865954,0.17252969774235571
0.06994635041280609,0.31215539432602685,0.06230293210846778,0.4426932342450052,0.11290208890769417
0.45654516376567017,0.17361386135910778,0.04933756393450955,0.005465423163485733,0.3150379877772267
0.04383114681343764,0.13732712137991834,0.24025284184064355,0.44226548423514556,0.13632340573085477
0.4046910278329521,0.3770793212341952,0.10962076572934971,0.09002423848607612,0.018584646717427086
0.05168350974145783,0.3311237584687274,0.02419515381056159,0.3728814567245135,0.22011612125473987
0.17181761443366192,0.08090264299542384,0.5302314330293341,0.174440901237239,0.042607408304341045
0.10747116871386471,0.6611601846215783,0.001120831000300852,0.03397496531738937,0.19627285034686678
0.07608985397023976,0.1005709186538652,0.37173862292087884,0.3265158477771088,0.1250847566779075
0.2859793999674572,0.22981587853346291,0.11156510997184352,0.09918160797935577,0.2734580035478806
0.2515695370196648,0.11932460094300991,0.017066923972431283,0.3088716880768036,0.3031672499880904
0.017147752367568273,0.2908108865061295,0.5191466889325493,0.08579722855621406,0.08709744363753884
0.25312468983382413,0.28496093215560464,0.1588504244580986,0.21712852182487577,0.08593543172759675
0.045742199738010636,0.6801710796857182,0.09995823924608563,0.0782553585676547,0.09587312276253072
0.23863337767078752,0.08641992101934116,0.25303406956288843,0.27225811242091347,0.14965451932606944
0.027442267813210887,0.029067917440846483,0.5084407316339106,0.14517126350121565,0.2898778196108163
0.21227032996395778,0.14538228170902381,0.2231702545114193,0.058336673496623,0.36084046031897615
0.02232711867746916,0.29062967432922676,0.004939337677847773,0.19089833885899007,0.4912055304564661
0.018225906080849143,0.06192449729110416,0.42938977837199294,0.45734311073639633,0.03311670751965745
0.32268637162638936,0.2683243200525317,0.3226769076763543,0.02806495978052885,0.05824744086419577
0.085261774873402,0.05738224331659302,0.6728125186231482,0.1361530416607605,0.04839042152609632
0.08316889228640242,0.029566060394550488,0.27235110762745246,0.07532116462705152,0.5395927750645432
0.07886555498613326,0.3976192949226959,0.46502185096020315,0.01712721303563153,0.04136608609533618
0.24601151650880798,0.06082225842456883,0.17165007753617184,0.2891258341590598,0.23239031337139157
0.7854335578046125,0.042076809625271355,0.01925724335024949,0.06432115363093771,0.08891123558892897
0.015862336114126692,0.21049348624418965,0.08490118094243168,0.5496210566718249,0.139121940027427
0.4931093864568771,0.3028039059390854,0.1856615175183508,0.01837735507395894,4.783501172782058E-5
0.2626592434727903,0.3937849184356337,0.14697935681872243,0.07736977901188652,0.11920670226096708
0.5043619167411382,0.10804398070534971,0.2502910059917701,0.03475500025569061,0.10254809630605134
0.19336400899326545,0.5685679432126821,0.01656841030872532,0.055106825068604995,0.16639281241672202
0.1228205216098261,0.3498047983083136,0.29196588118236577,0.2330342865777974,0.002374512321696867
0.04786031796826365,0.0313312081138406,0.17317922448130574,0.537327273875086,0.21030197556150393
8.167409855643909E-4,0.011511142255031732,0.18340813094987687,0.7564387800906601,0.04782520571886686
0.08883560777783121,0.07923479512482418,0.2349509824556314,0.3249191580861507,0.2720594565555626
0.05436722830866934,0.23426122279757713,0.35837529872095564,0.3278425836073759,0.025153666565422072
0.03133409350018682,0.050209007519457664,0.17324781535655914,0.5694967912356678,0.1757122923881286
0.03776812794768371,0.599166707334075,0.2436883967428781,0.010116687577376802,0.10926008039798638
0.014486228867350579,0.43467538547757767,0.276252876300697,0.2684002597685358,0.006185249585838874
0.03140617920482816,0.3105638820131945,0.1913719296210992,0.10138847409190349,0.3652695350689746
0.45593108217842454,0.00425574304214743,0.08451673952284079,0.00972862837936072,0.4455678068772266
0.1807475502237417,0.05955513975270371,0.36111909103085416,0.3737887239997704,0.02478949499293006
0.013846226995906144,0.16771447000433562,0.1206975032077879,0.35021551039139126,0.347526289400579
0.1078415827452615,0.1804026600492974,0.3437147758459935,0.23939320178358975,0.1286477795758577
0.031402276204760715,0.040272151727800846,0.03000413228433068,0.8173838550517821,0.08093758473132569
0.4479043918240029,0.16884062594702617,0.022911936233326033,0.07194469874063072,0.2883983472550141
0.24034446218231703,0.10837930243929178,0.16521611815476908,0.20086257579966516,0.2851975414239569
0.15034144731844784,0.14192171477269666,0.05127742982255277,0.49204410163949724,0.16441530644680544
0.1294327163814359,0.1778140310511247,0.08991498824371531,0.05510205928353203,0.547736205040192
0.19033179990892557,0.19602962944470306,0.11017000737140574,0.06498104244347835,0.43848752083148723
0.1028386508793554,0.07618853927790367,0.22347283690033265,0.5622712742706851,0.03522869867172308
0.18909259180088275,0.15641141624098298,0.32135351238410453,0.023822737263376588,0.30931974231065307
0.06812759182724458,0.07322955744687523,0.029382284743092346,0.7420761815867777,0.0871843843960102
0.0613802617472948,0.16473836462340094,0.5261693326301968,0.02049986615196459,0.22721217484714304
0.07911302221618811,0.00805038188747058,0.04002154505675356,0.17441001264433684,0.698405038195251
0.029575853152369744,0.6332802883020089,0.08190405340969263,0.22185955704852672,0.03338024808740201
0.3002118587558295,0.5271121869329893,0.017630016657226882,0.05642180165133701,0.09862413600261721
0.23699746406654643,0.3277346904236833,0.006087136523822004,0.37352932531092725,0.05565138367502098
0.2450493776275801,0.298566011009873,0.20241660846453235,0.14675529868395254,0.10721270421406204
0.37724727482837583,0.22565904263158496,0.09892294411971696,0.20216843009170904,0.0960023083286133
0.10291079799296629,0.5371028169750076,0.27401435968656046,0.0758625876327917,0.010109437712673907
0.576021053794863,0.048695561186660505,0.011804449509558706,0.02275414874438349,0.34072478676453427
0.4039662099703411,0.041875459603343844,0.41819253014194374,0.0797980901334717,0.056167710150899615
0.5348179612015063,0.24260218439025075,0.12288184131033118,0.07151272723712251,0.02818528586078933
0.33278327499473653,0.09214267969633562,0.1039991935353378,0.12068593418927337,0.3503889175843166
0.349163792613637,0.1633733495030923,0.040635162081726905,0.16689374543781635,0.2799339503637275
0.09112198399355298,0.03978047357483029,0.45759570807559363,0.3943042185663452,0.01719761578967795
0.25006493459679224,0.11431193170574813,0.12199471383256777,0.1736497095381493,0.33997871032674254
0.1260357637062234,0.005183469923109421,0.12575983255939133,0.1290916954684376,0.6139292383428383
0.34460943247564246,0.00801537277573387,0.06673843784157422,0.29224841444329397,0.2883883424637555
0.10109546803029405,0.2669968893607189,0.32456268588308484,0.1966127775151728,0.11073217921072935
0.10604897385559758,0.3515623793502195,0.2007054190001374,0.3284457517877156,0.013237476006329898
0.11293935703494827,0.4960870230292047,0.21260410734232485,0.11331562771500316,0.06505388487851904
0.012536949032035427,0.13086900914911562,0.593577805343651,0.03031220057338552,0.23270403590181246
0.2319885190385826,0.3754207736992144,0.3164966277436269,0.03219022824638218,0.043903851272193845
0.42803033980614624,0.13394932539125387,0.2431880631367365,0.11281503112898947,0.08201724053687391
0.1655515433483404,0.12429126039278227,0.3461579022143985,0.03212116302679749,0.3318781310176814
0.19468119593431277,0.1656397553519627,0.2542102229186753,0.14388507518285495,0.24158375061219425
0.06451254473484558,0.47039499017427755,0.27645799533288756,0.17718711154737127,0.011447358210618
0.38666834346521595,0.15996407583757394,0.08024760262257027,0.3410116720051678,0.032108306069472105
0.21058373033142305,0.02504026354624381,0.12507813818993818,0.4098551576221602,0.2294427103102348
0.05368512303098863,0.37665991959203116,0.4522629432307225,0.07690818528524275,0.04048382886101479
0.3654712680018401,0.14817865936681143,0.070090494061977,0.10655110749873259,0.3097084710706387
0.18697916680420812,0.5104407208581633,0.17217208912212562,0.06210464336528106,0.068303379850222
0.5254444760749808,0.019770164160141154,0.1900893358942501,0.20579343604995612,0.05890258782067194
0.29119726187621675,0.3141777493437858,0.21960897403840007,0.11950576062364422,0.055510254117953135
0.3574633365888961,0.025081805931384416,0.3047619307532191,0.0803500814829046,0.23234284524359583
0.08647743333489877,0.16700113939545905,0.6535626392521916,0.010368541186445783,0.08259024683100473
0.14939053002545932,0.16765820047522262,0.3133476724049511,0.19479886290565757,0.17480473418870943
0.09535907218128731,0.43227745608587526,0.11350556822000359,0.34824339259565595,0.010614510917177895
0.10014711116071848,0.1693701299380183,0.3489153284865923,0.33984980309947266,0.04171762731519826
0.1867907996704777,0.2981250658467721,0.40994565004022915,0.06197221329684543,0.043166271145675554
0.1845225711125703,0.025205013900826724,0.5924417173716775,0.00862538022499054,0.18920531738993496
0.21596807984785613,0.21264434765470536,0.10163027913320116,0.4590932908752359,0.010664002489001475
0.1912398054152846,0.6025261434503549,0.10196753877038056,0.028712717889421504,0.07555379447455836
0.04155686046124848,0.033782144847695844,0.5029589258015718,0.3061714520891681,0.11553061680031597
0.036714688523710313,0.003439051972284002,0.07228187956246424,0.8169576925421342,0.07060668739940712
0.0733695984339877,0.033548530151767196,0.05461104353311426,0.2716582719096919,0.566812555971439
0.07608585851291463,0.11134447373734906,0.007346267328242319,0.7833843463828946,0.021839054038599277
0.4701041051103041,0.13090183256676316,0.1807533162890465,0.17885811814311373,0.0393826278907726
0.026082497725120987,0.08727036567662139,0.11603764182800902,0.6292720154013316,0.14133747936891713
0.11060405990783011,0.0015298162926760347,0.23329243038301256,0.4919908961328483,0.16258279728363292
0.37854604186631774,0.24857172455268844,0.2769255941098897,0.06636745565281565,0.02958918381828846
0.14698867554309333,0.20614055288212385,0.16934046195604782,0.29937589628342665,0.17815441333530824
0.4270359956864458,0.2763222787924387,0.01410891244550045,0.1409454498680741,0.14158736320754095
0.16518254123315,0.26314129874529485,0.02877119224086487,0.4357349953185591,0.10716997246213135
0.2968452711983797,0.3560477826959318,0.13774478801689857,0.04323849719895598,0.16612366088983385
0.17191848264227222,0.23463446906089666,0.4712762896377489,0.036626138712867747,0.08554461994621455
0.01989084750591009,0.4692780221010753,0.4093664168474384,0.06070073075550492,0.04076398279007127
0.12028839176904586,0.14907001176118698,0.26281086226835276,0.23573205133428882,0.23209868286712573
0.07327782002106559,0.3154720044940289,0.08475619988913087,0.4498050244697752,0.07668895112599947
0.2251379904919651,0.2722018681280913,0.12454794695881048,0.3157738062817986,0.06233838813933468
0.06556032117096346,0.21757827399812435,0.12688907832503518,0.5467582012240222,0.04321412528185482
0.21344645141347499,0.029638010654832708,0.3506898816447163,0.19839456805216957,0.20783108823480656
0.2834665966835092,0.06430566644569409,0.5884049460210375,0.04896124551122248,0.014861545338536815
0.6297455207051795,0.1568044853167912,0.044877812207151375,0.028584826850663183,0.1399873549202148
0.20629647710192334,0.24038626571743593,0.045271658082501755,0.2825392154217474,0.2255063836763914
0.04453564096640381,0.06538229764586101,0.18209356699145485,0.15819020824095908,0.5497982861553212
0.2580337311353776,0.07266195369885756,0.15662785972189575,0.20924717621221658,0.3034292792316525
0.22505342118811125,0.05239444797185941,0.30567637233935446,0.31640857223864605,0.10046718626202869
0.32562267573600173,0.08841892605891458,0.3250647353861429,0.17858147653983786,0.08231218627910308
0.45074379739156345,0.15840534990689967,0.005806721602946912,0.08901018627303156,0.2960339448255584
0.09278036475938785,0.011023123036615129,0.004293858267128275,0.858857202118393,0.03304545181847567
0.4384282826544745,0.22716942687164618,0.018249716261660706,0.024406454291859392,0.2917461199203595
0.14835434937568498,0.07772590140823302,0.0023704113752904972,0.36066260008078266,0.41088673776000884
0.05250559600662238,0.0914409600089554,0.3841610169472428,0.4682530232254069,0.0036394038117724846
0.32027920029090856,0.017013167137017882,0.1646721737641748,0.21322628944780858,0.28480916936009026
0.6323774496064974,0.023544273523109473,0.09198105342228498,0.02336905893321931,0.22872816451488887
0.13110339350132744,0.16850176111629417,0.05796873809034555,0.4042684822020612,0.23815762508997154
0.33605432187298423,0.03654820777044235,0.33011936482684756,0.2619395375629404,0.03533856796678551
0.08192422861764288,0.08627042166953343,0.14016312361876426,0.6191986265343504,0.07244359955970897
0.10304593417905547,0.22253945399817826,0.3476545572874566,0.056926204688531074,0.26983384984677855
0.5422030101878328,0.09179595299994882,0.15892654757219046,0.1065049914229499,0.10056949781707807
0.6125898476142095,0.13476924986075525,0.050886444848262415,0.17627129960197038,0.025483158074802337
0.11113759206760852,0.3912506547743553,0.036390844332112045,0.19269701110849055,0.2685238977174337
0.15568873709467002,0.4331106909944849,0.1606572371869505,0.24415064118715968,0.006392693536734985
0.09013426631047884,0.4087836951825945,0.028243712004492116,0.15943023652721783,0.3134080899752168
0.0057082975286976085,0.10934366151413294,0.6946409746538414,0.13595831760994337,0.05434874869338452
0.2240157704534955,0.24804008681357861,0.3596682304942443,0.04772082129820745,0.12055509094047412
0.051983741365295724,0.5997118655266469,0.10105041414841272,0.1476013342930701,0.09965264466657464
0.03834106350229629,0.020039034689681597,0.5147288335858486,0.4103462077286688,0.01654486049350468
0.12218563148974504,0.356780358755334,0.07298946219602198,0.2513821561119211,0.19666239144697786
0.21861247293079486,0.08922618616078705,0.20899228942016074,9.178838562575266E-4,0.48225116763199977
0.18832508910019533,0.2932197016404373,0.36649340271245384,0.01847192068792791,0.13348988585898572
0.06306070061248349,0.0031493583599189706,0.13192894581632955,0.21057700236773796,0.59128399284353
0.5115857926133065,0.003169544913515938,0.051078144305736935,0.39173737741607356,0.042429140751367014
0.5672770292028702,0.03729297384129957,0.16657502517924422,0.0704034898481373,0.15845148192844877
0.12971262472911402,0.08059414134071712,0.35204702125627035,0.27198871259676594,0.1656575000771327
0.07521631843083182,0.0065660005259187545,0.7408816353317593,0.04028719312631546,0.1370488525851748
0.19915747630663885,0.21957253363558912,0.29706998892715086,0.23679953872645743,0.0474004624041637
0.06139571055141615,0.0620253546036209,0.5771044402855382,0.25479137581169875,0.04468311874772592
0.2123480034053607,0.22343082536923914,0.034444852012876476,0.3387299118408118,0.19104640737171188
0.3472710420622446,0.10437386678122602,0.08615481011419229,0.031054362782597406,0.4311459182597397
0.17368385993165117,0.03148906829622296,0.2593703181393033,0.4973154123908476,0.03814134124197508
0.042945776436052886,0.24626847262000065,0.12944318620519743,0.09189362224757713,0.4894489424911718
0.3480049651520668,0.3067421154266688,0.09197005029645794,0.060794890678949984,0.1924879784458565
0.2676320691821373,0.2941502742759617,0.04149353873451573,0.3588479532889539,0.03787616451843147
0.46847293831353026,0.033332821660132524,0.08835487930195611,0.31092858476207386,0.09891077596230734
0.29621771219561294,0.41168149439038404,0.2436653011650319,0.03837420057521426,0.010061291673756835
7.995549781372591E-4,0.21004990277173358,0.735570600245188,0.04412764203684973,0.009452299968091346
0.44310956033788207,0.06633077638297159,0.11597948706462421,0.12372304649036038,0.2508571297241617
0.5011247093871813,0.1706398977887857,0.24641943282539477,0.07142176001263012,0.01039419998600811
0.3552979956963878,0.10625276172660356,0.0755000202321769,0.18686404620062266,0.27608517614420913
0.15255363472178404,0.1075681082738833,0.2528789713667227,0.24430971692861314,0.24268956870899672
0.05969346188503141,0.18811737583266036,0.6992530472466095,0.021726237905563363,0.0312098771301353
0.0606705342336943,0.2913968779239746,0.4265218761464515,0.196481567350808,0.024929144345071604
0.4963686685606861,0.1357421082452384,0.24282740327358,0.12089910186524616,0.0041627180552493296
0.5655773818796813,0.14501432424622765,0.11845729868241488,0.014979434368572592,0.15597156082310354
0.11886504669964976,0.07296682799821474,0.17366396642956822,0.4553293677229064,0.1791747911496608
0.05041631452908685,0.213550522687512,0.6118004616931578,0.06980002477869855,0.054432676311544734
0.34175441506118753,0.35091319517731595,0.030372674098146108,0.1139791645115283,0.16298055115182208
0.03681318109604295,0.2653827945247179,0.14057392770309898,0.16163562688609742,0.3955944697900427
0.07277784124681021,0.5660416619077111,0.17139453507919608,0.010027927581573956,0.17975803418470862
0.15689507344107667,0.08755644154586713,0.3716525320139507,0.29693850499865176,0.08695744800045363
0.4481325457107459,0.24350132688353526,0.0621718836464553,0.03918040623784784,0.20701383752141567
7.946842646056552E-4,0.0211105138033286,0.5441008905229976,0.18996415293119728,0.2440297584778708
0.2847865778092572,0.13314910987302034,0.3456535370076173,0.06639852525936178,0.1700122500507434
0.08382924102133889,0.12084869123759803,0.6175027271188175,0.07220834090654303,0.10561099971570277
0.43764810859509895,0.06953196390225963,0.060034922069023514,0.3180471997498259,0.11473780568379185
0.45753915131251355,0.1957549206169805,0.07499918636967819,0.0312683298785504,0.2404384118222775
0.006483555889287966,0.34887513309725426,0.3296285751950179,0.29915343490539986,0.015859300913040025
0.02460016017237377,0.612364034668419,0.21246174768418014,0.07715374518273607,0.07342031229229083
0.050915963277462624,0.1297043610893903,0.23065677957502131,0.15340021800716974,0.43532267805095604
0.32938899028305696,0.03764372327853219,0.0064166526966154555,0.03956492197396711,0.5869857117678283
0.21190907530829906,0.15463978519207802,0.12411223574245267,0.40898027892166,0.10035862483551036
0.24905276467149323,0.10216633296658251,0.3246250760024361,0.08488714814341998,0.23926867821606815
0.35079900392562113,0.07402948554036003,0.3153396418488273,0.14521429179616718,0.1146175768890245
0.4787869775308577,0.13014424035970298,0.2636773566840262,0.06693541659302621,0.060456008832386714
0.4373776981140282,0.14592223253536576,0.09307487361337821,0.2271183116315447,0.09650688410568309
0.09332615364074276,0.04834587721059956,0.02613933847271909,0.8095774431861891,0.022611187489749583
0.06563563652654944,0.13778063053541917,0.23200466646381765,0.36671621442283664,0.19786285205137716
0.4362497439442302,0.32156294606224417,0.09471989579823611,0.09776008283865505,0.04970733135663449
0.08112054969094361,0.04598550369474505,0.08555438677137343,0.7242394842584132,0.06310007558452459
0.03030206505432992,0.010151658624933484,0.25522067205449,0.1948137393241194,0.5095118649421273
0.3184688905672451,0.031086205321004125,0.19606923332227247,0.149272342232904,0.3051033285565743
0.11219387401072899,0.22896885819429322,0.23718379668785994,0.34938942171747855,0.07226404938963954
0.18330279392389057,0.20494901957790546,0.03892465203963006,0.3462201286293917,0.22660340582918212
0.21104526308899058,0.35808040249629947,0.18219748177379624,0.020520055682451573,0.2281567969584621
0.14661057502773545,0.12883264987514698,0.352463978021618,0.12961600086667802,0.24247679620882168
0.42713713269908526,0.11442786646407598,0.23874090099828948,0.0656653156918511,0.15402878414669802
0.23874186389939628,0.5497748235370116,0.043855378375036475,0.15958252560320293,0.008045408585352637
0.45841244143888177,0.12779490314555786,0.019853063089665335,0.07901752514603709,0.3149220671798578
0.2807018509582103,0.3424678328302619,0.33868121682191604,0.01336176741199993,0.02478733197761181
0.005562024543604051,0.36811232192761756,0.057828828088519045,0.0974594924546549,0.4710373329856044
0.13298206380161112,0.09272133925376536,0.5180492961874646,0.063867711990646,0.19237958876651287
0.14022424397444658,0.3234869562239215,0.16166458646794707,0.10371654504287678,0.27090766829080815
0.22350981847855686,0.2044364021516603,0.08667989930749993,0.05915207934649158,0.42622180071579135
0.402834930134254,0.07813540401833724,0.32812474763629856,0.14186895868769786,0.04903595952341239
0.14401414745376973,0.4291853213314759,0.09309687480295907,0.28650728044752005,0.04719637596427526
0.20172806138681373,0.09832395237420412,0.0014493377178100282,0.036475362999749884,0.6620232855214223
0.05397108848730915,0.06721041128258655,0.20157676222139392,0.3869349248464933,0.2903068131622173
0.003135144099744371,0.3418968690233614,0.056836798776545266,0.3723128927191683,0.22581829538118062
0.20976415085518588,0.015289325323550478,0.5501458961882664,0.010918170027869056,0.21388245760512828
0.032575337194122804,0.019900254907875833,0.8548994739869888,0.008312377744048666,0.08431255616696375
0.1475646462410942,0.0340669422040733,0.4193494628606645,0.3460292929529171,0.052989655741250766
0.3839397186587426,0.23229695828455438,0.18707048274523888,0.011191175136803634,0.18550166517466046
0.13584504018174878,0.036405039068267975,0.6108469594934394,0.06060156732656417,0.15630139392997977
0.23743060800166038,0.3152515617964497,0.01722713039302117,0.2964004342394705,0.13369026556939828
0.07082427160358203,0.17126590912703593,0.5344450820231283,0.0239741665817682,0.19949057066448558
0.10586318989123274,0.2366539921225428,0.09067153155272384,0.5406174090172461,0.026193877416254674
0.022054234915048564,0.12584107004345288,0.08355026243912289,0.42464404052740584,0.34391039207496993
0.10976038485687752,0.42205328856939284,0.010936404767192258,0.36583162768648925,0.09141829412004814
0.2325067376861436,0.018498345711286418,0.15805321815807302,0.18324614491277344,0.40769555353172343
0.38840190494998694,0.15577938861309226,0.08849578551748516,0.23703442613016462,0.13028849478927107
0.14395079911798597,0.2093704508420972,0.5112144380816328,0.05980417258482426,0.07566013937345976
0.31753135073301286,0.028625538365224423,0.22765085098881213,0.04878624902413131,0.37740601088881937
0.27981318500391483,0.5127214535748801,0.005598883243140205,0.19133611771550216,0.010530360462562711
0.36268684143696045,0.07873597946560894,0.005910305289097303,0.455732267549699,0.09693460625863438
0.08526229828006544,0.5245142689580179,0.23369276087905402,0.05813546355302031,0.09839520832984244
0.4188205319615068,0.1056880821419043,0.028365686372693273,0.08415301716817021,0.36297268235572544
0.14679817746736523,0.3747824734255367,0.02120199435319267,0.352454706228896,0.10476264852500944
0.21411550595390919,0.029798487843844663,0.24692700828067946,0.4941260080238098,0.01503298989775681
0.169406534357293,0.23976845244684636,0.0826873897290156,0.40310688940293415,0.10503073406391088
0.05115899004292477,0.22787859496536123,0.1749752193969107,0.36508761551367275,0.18089958008113063
0.40154483172293054,0.040094833326329474,0.437834635807774,0.1136427250973231,0.006882974045642973
0.06433462051268363,0.053545547745266035,0.4603853839709017,0.04057914909803211,0.38115529867311654
0.175308602956431,0.07608719973130779,0.32292470641584586,0.41305086299562643,0.012628627900788874
0.29232096994933926,0.2863852053949626,0.13723366674201468,0.14649375676689053,0.13756640114679297
0.3305494457839584,0.3103491235197567,0.2961113518228152,0.05743612538181821,0.005553953491651452
0.12969035423969888,0.19071669836340144,0.21307876719032645,0.34006374031435915,0.12645043989221408
0.001276394746856857,0.19243824585684705,0.5624238523076792,0.029154189269585174,0.21470731781903174
0.09192104634872725,0.29470060536969495,0.06924818319767993,0.18990698515611854,0.3542231799277793
0.009190311625372644,0.4598336266144114,0.17589529038090415,0.2792335811048224,0.0758471902744894
0.041034590803348495,0.06664074244540608,0.18614044230328494,0.2292914223802095,0.476892802067751
0.03607590931444877,0.6886982974160267,0.14399902132382,0.08907076593806379,0.042156006007640696
0.21120817071584178,0.13592849927262324,0.49195395237109485,0.0432227434594235,0.11768663418101649
0.3251023568088289,0.0989477373407189,0.3312046615133936,0.06992843762663457,0.17481680671042413
0.3485915532925908,0.030399302652557532,0.08886387929624888,0.5189887454289527,0.013156519329650129
0.28773312239058657,0.3441098960443337,0.2119463317006632,0.12094109669650856,0.035269553167907974
0.04373746277569788,0.6109193835447523,0.19409634889132202,0.055146973333232346,0.09609983145499557
0.05255073705106668,0.18215479715774702,0.2087499463573672,0.18508201524339363,0.3714625041904256
0.059311294767982276,0.45571666606491534,0.18106063992458107,0.1465457217464514,0.15736567749606983
0.015448444610284892,0.008756785317741834,0.3609847869752739,0.5179533512484966,0.0968566318482029
0.16646084801407282,0.279232222951852,0.008377456900159405,0.31078070831147303,0.23514876382244282
0.026964985824175842,0.001743838318864362,0.4694030293282858,0.4741019579416797,0.02778618858699424
0.37146200444150046,0.03674138105998488,0.1628340864942062,0.3753205852734614,0.053641942730847034
0.020915379808731847,0.12947822124569322,0.6090497522752675,0.11987700604122897,0.12067964062907846
0.30981252644272084,0.21450294468252923,0.3472913096509024,0.05249537844420797,0.07589784077963947
0.06573605413623615,0.6693559933871642,0.11374006661393858,0.04471785149916533,0.10645003436349565
0.2584222365206662,0.10695572686455555,0.1221675287725109,0.05479481289871132,0.4576596949435561
0.2952117108033151,0.15143024399507557,0.10425053081599603,0.15706497588330942,0.29204253850230383
0.40075750336430455,0.4771870584526045,0.06548855256722011,0.03745765680129409,0.01910922881457685
0.12981450908508183,0.29285859242612416,0.15135719499560987,0.3131927432121727,0.11277696028101135
0.1412060539420872,0.017079811018259988,0.0213237821893542,0.11654962410422628,0.7038407287460724
0.015049426253847913,0.5578346520352229,0.04558953056526629,0.04092721103024895,0.34059918011541407
0.3290706111501406,0.19896387240959795,0.19727183445130803,0.2514335147958834,0.02326016719307005
0.0558156996278773,0.646361460164194,0.13133727839509912,0.14542070754402914,0.021064854268800327
0.1072061055251851,0.24663079057650295,0.17103555473627763,0.08699694687747773,0.3881306022845567
0.32686044837001194,0.051187810985033534,0.33289281428769385,0.21907187522731908,0.0699870511299416
0.24207274532774067,0.11087053193386025,0.24902042057926307,0.23110294058550354,0.16693336157363228
0.1705171411466612,0.19946243344881245,0.41370209253924856,0.21209212762297042,0.004226205242307273
0.22867241801212218,0.22186420361363227,0.08253476801198312,0.15637175032164619,0.3105568600406164
0.6378176722610439,0.018507328412125934,0.1167156807655954,0.07939041638783312,0.14756890217340152
0.06035335432048415,0.5271336479411395,0.1157833487666832,0.040994231580673376,0.25573541739101996
0.024532714548138965,0.03762702993176246,0.11466137766275922,0.33394650659474995,0.48923237126258945
0.09354647629161625,0.438074098802045,0.02784257561783001,0.29351356154998864,0.14702328773852003
0.05367612028546967,0.05882760695590742,0.6295853458998801,0.14970194430010822,0.10820898255863465
0.34188052257949353,0.026344609562109385,0.2132471483478592,0.13581273629261176,0.282714983217926
0.3375529044817591,0.24747710555336638,0.011922084509999176,0.2502320733885744,0.15281583206630095
0.10466030223739378,0.2766286296331918,0.1378811703518911,0.2613935998702467,0.21943629790727673
0.11294460974338037,0.33147353216129066,0.19772977381034487,0.27341846046533624,0.08443362381964799
0.07864082729209272,0.3397544195529272,0.3592578374669569,0.03183959840913469,0.19050731727888853
0.02742674369250719,0.18082659932892906,0.08546384935046922,0.0886670280987027,0.6176157795293917
0.36004261479442856,0.11785416784343627,0.30628172157295214,0.03762002811784037,0.17820146767134257
0.3872031774801374,0.0034089791142300797,0.056090514738945926,0.347141396789364,0.2061559318773225
0.3685812328961237,0.1266341767149471,0.3568201480066861,0.016969207053624986,0.13099523532861795
0.08851146172773615,0.06678529587082131,0.20363290544371043,0.24882040943683906,0.392249927520893
0.07755599264409578,0.3302945520511959,0.12149254349829516,0.1011773896737386,0.3694795221326746
0.2921119595777595,0.23502753957821768,0.29074306290258944,0.02598336185047672,0.1561340760909566
0.04341002054394692,0.5071116857756516,0.1490066197663055,0.09887079277865032,0.2016008811354456
0.0392300220122425,0.2799241877170725,0.0742007855040448,0.1584389978052366,0.4482060069614036
0.17148638136589853,0.08582143614627048,0.31717318031595176,0.4229179304579174,0.0026010717139615686
0.6209787650129138,0.09410520795078854,0.18339116004344802,0.025162956548841237,0.0763619104440083
0.248692992635191,0.056163521046669884,0.18503307160507493,0.014897553976402718,0.49521286073666154
0.10169437693412825,0.08372233599252613,0.4114405135289449,0.3136572838032582,0.0894854897411424
0.13462001350771577,0.14958774045959294,0.03396324744660902,0.4415872672393587,0.24024173134672347
0.006745424391532068,0.08786828210238776,0.5708217397112981,0.11236928204147503,0.22219527175330692
0.28069575547608355,0.17566719756813287,0.16587586382232444,0.1321376566268769,0.24562352650658228
0.6816112539614865,0.09309377051537694,0.018495541482504218,0.06031929145064426,0.14648014258998796
0.158807739823949,0.33000478386756527,0.1424677987584568,0.15966105341383732,0.20905862413619142
0.14986938131938035,0.3741349361375664,0.03878288708443164,0.26760582493650104,0.16960697052212065
0.10488222247603866,0.43506175528070884,0.3597280904770689,0.08321728640700962,0.017110645359173927
0.5253904974892385,0.11287578302146356,0.2896118120999193,0.023344637761464396,0.04877726962791417
0.1805495396258066,0.12886573433353102,0.10994057094602736,0.4335287358959135,0.1471154191987214
0.15927963157079117,0.38033548027229397,0.10848597301389078,0.054780780869369904,0.29711813427365424
0.05819273258590227,0.022637096769576336,0.5038778593551663,0.38388610142753776,0.0314062098618174
0.06171528067028587,0.05486095163294849,0.24858645583803887,0.41429259100973465,0.22054472084899218
0.5307104622113542,0.15695526354021666,0.007539210230032139,0.24259477010355188,0.06220029391484515
0.45669573742761854,0.004665594995183841,0.14664353731714774,0.23318190946630155,0.15881322079374824
0.015178457374133644,0.2872233196332936,0.23068785067085845,0.2473151203414179,0.21959525198029636
0.05916831330620227,0.691412788546271,0.09492113507294499,0.05200021709052849,0.1024975459840533
0.45393667753784517,0.11887035549480167,0.18615963910281588,0.14881302228144697,0.09222030558309033
0.23070280435657192,0.14274533204858902,0.15349486828684916,0.31119430412074,0.16186269118724994
0.1996537854063981,0.3394852868920008,0.0781951944874366,0.2670754119170196,0.1155903212971448
0.19474668344408827,0.4026063354356782,0.05501055601654286,0.13747459796036385,0.21016182714332685
0.304949540616935,0.04426567628472731,0.2202642867294419,0.37786623657215224,0.05265425979674358
0.08256935380184141,0.5034123936262429,0.26792917398788524,0.12033124135708213,0.02575783722694842
0.1480045524829003,0.011663740018980705,0.1820886373085796,0.003225768235817142,0.6550173019537223
0.2940004691626962,0.10673484713881552,0.09865020570023254,0.24935979940710187,0.25125467859115397
0.2795057795774599,0.3150755845272394,0.0970775890173096,0.30037942792614386,0.007961618951847263
0.12988493789131986,0.06542013034535081,0.7117671471818763,0.08946206600733704,0.0034657185741160516
0.037639650067245754,0.07890838653995098,0.04259897321595581,0.22540429405589912,0.6154486961209483
0.27849507685488684,0.10377577259842832,0.11649751194070214,0.18418261738278696,0.31704902122319584
0.03287023359742736,0.4204628650971345,0.29517566409299134,0.10093443302729016,0.15055680418515668
0.07384044075197622,0.06099305661057904,0.08276124442651545,0.4549487676434458,0.32745649056748344
0.1807193272116644,0.01443065904222418,0.32844667843510444,0.10721841452146604,0.36918492078954096
0.020575477039178492,0.2603238337412549,0.08606180157968568,0.3006456000372817,0.3323932876025994
0.7408205809721601,0.015419231300500318,0.03579980266954059,0.10544617225792655,0.10251421279987256
0.2351389636716794,0.08748240154059603,0.17922293303557296,0.1449029374644826,0.3532527642876689
0.4348446712824168,0.1626331892638754,0.09844458612940513,0.24427888405988718,0.05979866926441542
0.1333867299034418,0.1551317771507646,0.13961608302040315,0.03882725362225465,0.5330381563031358
0.16375496009027848,0.4187971890901438,0.013239088798403832,0.30123714645723326,0.10297161556394067
0.15386365832098833,0.2528717148703235,0.21449620363472946,0.34233514173610824,0.036433281437850566
0.10651516326336927,0.4367384227859271,0.3160017861541966,0.09032196884320041,0.050422658953306554
0.4527182142423042,0.021463670755471526,0.14867201145247605,0.014956630241069437,0.36218947330867884
0.14331914757979128,0.12066618987303832,0.4887184351159425,0.15305056040525092,0.09424566702597695
0.6075611604726785,0.09717083079905973,0.11799740808923648,0.0892294306018346,0.08804117003719064
0.14332502355634502,0.16090510393988883,0.25625220431966694,0.2785107143297789,0.16100695385432026
0.12210163511313826,0.27065698958070483,0.20485720494079185,0.0793308252621549,0.32305334510321004
0.5869316137333562,0.006503613369582629,0.19570196854289967,0.04032846315110896,0.1705343412030524
0.10386907465065687,0.06046414576452685,0.23164863396492424,0.23584436649469157,0.36817377912520055
0.21356606665865496,0.04941546300975178,0.18756729239007106,0.1951790993789606,0.3542720785625616
0.1390854999438466,0.6681213024382243,0.0697029862782044,0.10291312584168526,0.020177085498039423
0.11717881313520295,0.08097709957222318,0.38456584656691206,0.2255601141560718,0.19171812656958998
0.03900239347907226,0.15120856130010582,0.40395896353544686,0.10803237427402052,0.2977977074113546
0.04096300317150925,5.843965856685053E-4,0.14100759581198863,0.2396398176550853,0.5778051867757483
